(
EMBOSS_001:0.11515,
EMBOSS_002:0.08485,
EMBOSS_003:0.24848);
