#
#
#  Percent Identity  Matrix - created by Clustal2.1 
#
#

     1: tr|A0A4W2DUN1|A0A4W2DUN1_BOBOX  100.00  100.00   94.14   86.75   88.87   89.27   86.96   95.37   16.35   22.12   16.34   19.49   19.13   21.83   21.26   28.71   14.24
     2: tr|A0A4W2C324|A0A4W2C324_BOBOX  100.00  100.00   94.42   87.95   90.24   90.80   89.16   96.08   16.32   23.08   16.32   19.21   19.16   22.34   21.51   28.64   13.66
     3: tr|A0A452E559|A0A452E559_CAPHI   94.14   94.42  100.00   86.43   86.36   88.42   84.49   97.18   16.02   22.02   15.35   18.65   17.61   20.75   20.13   26.19   15.09
     4: tr|A0A2Y9PRR0|A0A2Y9PRR0_DELLE   86.75   87.95   86.43  100.00   97.36   97.37   95.68   85.69   17.91   22.12   15.51   19.55   18.88   20.62   20.17   26.79   14.38
     5: tr|A0A2U4BVN1|A0A2U4BVN1_TURTR   88.87   90.24   86.36   97.36  100.00   98.90   96.80   86.56   15.61   21.60   13.62   17.62   17.10   18.20   17.69   24.49   12.93
     6: tr|A0A484H0K8|A0A484H0K8_SOUCH   89.27   90.80   88.42   97.37   98.90  100.00   95.96   86.49   16.54   21.60   14.11   18.52   17.82   19.00   18.47   26.21   13.18
     7: tr|A0A341C794|A0A341C794_NEOAA   86.96   89.16   84.49   95.68   96.80   95.96  100.00   85.59   14.63   19.61   11.86   16.90   13.29   18.88   18.41   27.67   13.13
     8: tr|W5NYX9|W5NYX9_SHEEP           95.37   96.08   97.18   85.69   86.56   86.49   85.59  100.00   14.68   20.40   13.18   18.39   11.98   20.09   19.45   26.07   14.08
     9: tr|A0A4D9C315|A0A4D9C315_SALSN   16.35   16.32   16.02   17.91   15.61   16.54   14.63   14.68  100.00   15.44   15.42   18.40   17.88   15.19   15.36   18.15   19.48
    10: tr|A0A3Q7SLA2|A0A3Q7SLA2_VULVU   22.12   23.08   22.02   22.12   21.60   21.60   19.61   20.40   15.44  100.00   12.99   19.41   17.96   23.05   19.23   26.32    -nan
    11: tr|F7VZH6|F7VZH6_SORMK           16.34   16.32   15.35   15.51   13.62   14.11   11.86   13.18   15.42   12.99  100.00   17.38   20.79   16.59   17.00   19.80   13.33
    12: tr|D8U2K8|D8U2K8_VOLCA           19.49   19.21   18.65   19.55   17.62   18.52   16.90   18.39   18.40   19.41   17.38  100.00   22.26   18.39   18.51   15.16   18.82
    13: tr|E1ZD54|E1ZD54_CHLVA           19.13   19.16   17.61   18.88   17.10   17.82   13.29   11.98   17.88   17.96   20.79   22.26  100.00   19.43   19.47   15.77   17.91
    14: tr|G3WPD0|G3WPD0_SARHA           21.83   22.34   20.75   20.62   18.20   19.00   18.88   20.09   15.19   23.05   16.59   18.39   19.43  100.00   95.71   24.06   14.40
    15: tr|A0A4X2K630|A0A4X2K630_VOMUR   21.26   21.51   20.13   20.17   17.69   18.47   18.41   19.45   15.36   19.23   17.00   18.51   19.47   95.71  100.00   23.17   14.52
    16: tr|A0A3R7N5S8|A0A3R7N5S8_PENVA   28.71   28.64   26.19   26.79   24.49   26.21   27.67   26.07   18.15   26.32   19.80   15.16   15.77   24.06   23.17  100.00   26.98
    17: tr|A0A063CEB7|A0A063CEB7_USTVR   14.24   13.66   15.09   14.38   12.93   13.18   13.13   14.08   19.48    -nan   13.33   18.82   17.91   14.40   14.52   26.98  100.00