#
#
#  Percent Identity  Matrix - created by Clustal2.1 
#
#

     1: sp|O76024|WFS1_HUMAN            100.00   99.33   99.89   99.21   99.10   99.21
     2: tr|K7AUQ0|K7AUQ0_PANTR           99.33  100.00   99.21   99.44   98.88   98.76
     3: tr|A0A669KAX3|A0A669KAX3_HUMAN   99.89   99.21  100.00   99.10   98.99   99.10
     4: tr|A0A2R9BTC5|A0A2R9BTC5_PANPA   99.21   99.44   99.10  100.00   98.76   98.65
     5: tr|G1RM32|G1RM32_NOMLE           99.10   98.88   98.99   98.76  100.00   98.65
     6: tr|G3QLR6|G3QLR6_GORGO           99.21   98.76   99.10   98.65   98.65  100.00
